17
9
2
14
17
13
10
12
13
18
9
6
9
9
3
11
2
10
9
1
13
6
10
8
8
13
9
4
3
13
3
8
18
2
8
18
4
1
4
4
16
1
2
11
12
14
6
5
14
8
3
14
6
11
8
11
3
2
5
8
1
10
16
9
14
3
10
1
3
4
1
18
15
5
18
1
12
5
13
1
17
8
2
1
4
10
1
1
2
4
2
6
13
12
5
14
4
6
8
18
18
18
6
5
5
4
4
14
3
13
15
6
13
15
11
11
2
8
1
7
6
7
3
10
8
8
6
12
5
5
8
3
15
8
8
11
1
9
1
2
5
13
14
2
17
11
2
8
13
16
8
14
3
10
13
7
3
10
8
3
4
1
10
5
9
8
2
16
6
6
5
8
6
2
5
13
17
7
4
2
8
8
13
10
14
18
11
13
11
17
10
16
2
13
14
6
14
3
10
2
4
2
10
11
14
12
14
4
14
3
6
4
2
6
8
12
13
12
7
3
13
1
3
13
12
8
13
2
14
14
13
10
4
12
8
10
14
14
10
2
3
12
1
7
11
5
10
16
15
5
8
9
2
6
2
13
1
4
14
16
2
14
18
18
3
8
10
6
4
6
3
8
14
10
13
18
17
11
15
12
8
